nL = [100 1000 1500 2000 5000 7000 10000];
nR = [100 1000 1500 2000 5000 7000 10000];
DeltaS = [0.1187 1.1197 1.6964 2.2732 5.6322 7.9054 11.2984];
A = (2.*DeltaS)./(nL + nR);

